longitude latitude depth
 15.090631  38.124089 -40898.640000
 15.265320  37.993824 -27855.330000
 15.384801  37.898426 -24612.250000
 15.651870  37.551306 -14779.590000
 15.774589  37.454346 -14288.800000
 15.950799  37.075665 -9565.740000
 15.946173  36.994810 -8563.970000
 15.981970  36.918837 -8114.350000
 16.100258  36.740211 -7726.250000
 16.158709  36.650982 -7224.910000
 16.344847  36.649197 -7507.680000
 16.711182  36.573459 -7181.110000
 16.838410  36.484419 -6816.690000
 17.076591  36.496671 -6744.470000
 17.187917  36.598035 -6895.810000
 17.299463  36.699303 -6997.120000
 17.411269  36.800463 -7075.260000
 17.523505  36.901467 -7243.500000
 17.636040  37.002352 -7412.150000
 17.748638  37.103185 -7423.060000
 17.861507  37.203906 -7414.640000
 17.974499  37.304555 -7285.900000
 17.960485  37.495491 -7423.680000
 18.175187  37.887155 -7761.590000
 18.289965  37.987346 -7817.010000
 18.404648  38.087529 -7601.720000
 18.519587  38.187594 -7348.700000
 18.634515  38.287620 -6879.100000
 18.621411  38.478773 -6479.470000
 18.493103  38.569785 -6791.550000
 18.364124  38.660770 -6878.220000
 18.234162  38.751805 -6539.290000
 18.103952  38.842688 -6255.790000
 17.973718  38.933358 -6173.320000
 17.843650  39.023747 -6415.610000
 17.713358  39.113971 -6728.150000
 17.582357  39.204167 -6799.420000
 17.451051  39.294215 -6891.370000
 17.319215  39.384173 -6860.240000
 17.206292  39.282292 -8680.890000
 16.852204  39.166866 -14118.350000
 16.490350  39.238752 -25583.210000
 16.132686  39.308251 -40226.610000
 16.024946  39.204329 -44209.090000
 15.915897  39.100712 -47145.770000
 15.928596  38.911721 -42593.420000
 15.724132  38.515475 -43230.990000
 15.612021  38.412719 -43216.020000
 15.500563  38.309769 -43418.650000
 15.154304  38.189013 -49083.990000
 15.090631  38.124089 -40898.640000
