longitude latitude depth
 30.431580  35.650944 -6271.920000
 30.527151  35.546744 -5344.200000
 30.730507  35.281771 -4995.840000
 30.792204  35.090058 -3074.970000
 30.934148  35.020086 -3747.520000
 31.218088  34.881316 -4676.150000
 31.503313  34.746784 -4398.250000
 31.646030  34.680251 -4017.960000
 31.787612  34.611524 -4129.300000
 31.929800  34.544475 -3791.000000
 32.071617  34.476929 -3530.430000
 32.211847  34.406257 -3997.710000
 32.351724  34.335150 -4528.780000
 32.493481  34.268469 -3934.760000
 32.717834  34.322869 -5785.560000
 32.943771  34.379627 -6957.080000
 33.312990  34.371926 -6650.360000
 33.455545  34.307295 -5278.090000
 33.597631  34.241978 -4034.450000
 33.908756  34.417992 -7536.600000
 34.134630  34.470310 -9259.180000
 34.360956  34.522563 -10889.800000
 34.510439  34.472059 -5722.810000
 34.741247  34.532267 -5211.260000
 35.058590  34.710938 -7307.100000
 35.160237  34.824036 -10000.000000
 35.105098  34.961587 -20000.000000
 35.073388  35.050015 -30000.000000
 35.036859  35.219211 -50000.000000
 34.827574  35.139979 -50764.400000
 34.593717  35.077418 -51912.000000
 34.134851  34.966950 -50250.200000
 33.908449  34.916384 -48103.400000
 33.682025  34.864789 -46106.500000
 33.459544  34.820439 -42219.200000
 33.311771  34.875951 -45838.500000
 33.163765  34.931212 -49474.300000
 32.944687  34.892931 -43861.600000
 32.798120  34.951399 -46600.000000
 32.515037  35.090700 -46457.400000
 32.318857  35.360787 -46317.700000
 32.176420  35.430157 -46192.400000
 32.033316  35.498440 -46292.000000
 31.890590  35.567899 -46063.400000
 31.679142  35.810713 -52328.300000
 31.393229  35.951859 -51063.000000
 31.104692  36.088696 -50675.700000
 30.960036  36.156792 -50493.500000
 30.815149  36.224739 -50303.500000
 30.669856  36.292129 -50202.200000
 30.576275  36.371773 -52598.300000
 30.562844  36.259918 -42878.600000
 30.550741  36.158913 -33030.400000
 30.535652  36.032707 -20728.600000
 30.503515  35.847836 -9359.690000
 30.431580  35.650944 -6271.920000
