longitude latitude depth
 19.425414  37.281186 -9129.210000
 19.455944  37.115429 -8870.360000
 19.567776  36.991401 -8984.700000
 19.652798  36.863841 -8920.870000
 19.717573  36.719214 -8845.090000
 19.983955  36.378065 -8870.590000
 20.035491  36.227886 -8844.160000
 20.119247  35.970500 -8814.400000
 20.233561  35.853087 -8824.890000
 20.339301  35.728067 -8849.960000
 20.439885  35.597805 -8892.420000
 20.538405  35.459836 -8910.860000
 20.646150  35.303326 -8873.470000
 20.825557  35.206839 -8900.370000
 21.010972  35.133906 -8938.670000
 21.162465  35.025753 -8896.710000
 21.308750  34.933292 -8895.420000
 21.450041  34.839295 -8911.150000
 21.589460  34.748397 -8923.230000
 21.722759  34.652759 -8948.320000
 21.848908  34.550398 -8923.070000
 21.972378  34.442933 -8849.420000
 22.273252  34.387011 -8920.850000
 22.535746  34.167961 -8812.010000
 22.711907  34.159778 -8821.250000
 22.883879  34.146113 -8841.340000
 23.054302  34.129015 -8874.230000
 23.294989  33.981079 -8818.360000
 23.459637  33.956096 -8835.720000
 23.625560  33.928064 -8843.920000
 23.795648  33.897615 -8869.460000
 24.034945  33.725056 -8831.860000
 24.217104  33.678409 -9116.180000
 24.387045  33.590689 -9127.400000
 24.545895  33.506830 -9123.430000
 24.710852  33.408725 -9067.460000
 24.894857  33.348747 -9058.160000
 25.056914  33.290872 -9011.120000
 25.215965  33.238122 -8919.220000
 25.506290  33.235060 -8861.620000
 25.722431  33.396883 -8927.830000
 25.873918  33.480108 -8884.400000
 26.012066  33.552812 -8855.650000
 26.141160  33.626969 -8852.060000
 26.254250  33.712196 -8848.680000
 26.359045  33.809734 -8862.920000
 26.469543  33.914442 -8884.630000
 26.576218  34.026573 -8917.200000
 26.843000  34.146798 -8829.840000
 27.107725  34.258109 -8807.550000
 27.205492  34.362978 -8808.160000
 27.300914  34.468577 -8827.590000
 27.392192  34.579731 -8878.040000
 27.650131  34.775797 -8819.880000
 27.691599  34.898797 -8924.530000
 27.801385  35.406874 -11733.770000
 27.922581  35.675959 -16733.670000
 28.021279  35.818945 -22255.490000
 28.124112  35.946330 -25507.980000
 28.315646  36.215844 -28606.190000
 28.431625  36.331599 -31200.660000
 28.647033  36.477778 -29098.370000
 28.685404  36.585714 -36272.250000
 28.575910  36.519641 -44004.890000
 28.426838  36.411900 -43601.960000
 28.302537  36.304579 -40676.190000
 28.175250  36.178888 -39833.560000
 27.949439  35.995897 -41261.010000
 27.842283  35.899622 -40549.060000
 27.693434  35.776849 -38950.910000
 27.503312  35.677959 -42027.810000
 27.295840  35.481805 -40283.980000
 27.138837  35.380237 -41706.620000
 27.032548  35.242775 -37720.110000
 26.734807  35.035368 -34947.470000
 26.404806  35.039977 -41449.960000
 26.124795  35.168634 -45379.750000
 25.870037  35.296737 -47891.090000
 25.685514  35.317536 -44767.240000
 25.515882  35.396056 -45514.650000
 25.352309  35.465382 -46252.690000
 25.185048  35.536892 -47145.720000
 25.024506  35.618135 -49574.400000
 24.849430  35.584518 -44190.520000
 24.565729  35.663335 -46161.840000
 24.416146  35.707723 -47491.980000
 24.117267  35.690916 -41151.610000
 23.951110  35.742577 -41695.210000
 23.733408  35.910652 -47682.140000
 23.488155  36.027726 -45941.990000
 23.364822  36.132192 -44648.880000
 23.256877  36.396900 -50387.010000
 23.062180  36.635241 -45964.830000
 23.024605  36.778619 -47748.220000
 23.035473  37.021234 -55228.990000
 22.961997  37.153438 -54530.300000
 22.888503  37.282578 -54418.830000
 22.812151  37.405533 -54397.800000
 22.570941  37.603363 -56794.300000
 22.438926  37.697175 -58867.020000
 22.152991  37.807679 -61237.730000
 21.972126  37.817701 -58647.550000
 21.785258  37.814508 -58136.090000
 21.599224  37.812230 -58437.610000
 21.415290  37.827299 -58263.780000
 21.137774  37.825111 -45921.710000
 20.894122  37.979583 -50020.980000
 20.758129  38.065346 -49515.220000
 20.631315  38.099626 -42443.760000
 20.499327  38.182135 -49617.180000
 20.318750  38.210021 -43906.530000
 20.276524  38.114524 -33591.600000
 20.206103  38.004873 -26931.630000
 20.102325  37.897984 -22957.290000
 19.996121  37.794200 -19659.860000
 19.891650  37.691796 -16503.870000
 19.781159  37.587905 -13802.960000
 19.665596  37.483807 -11637.740000
 19.546484  37.381096 -10070.680000
 19.425414  37.281186 -9129.210000
